0.000000000000000000e+00,0.000000000000000000e+00
2.083333333333333218e-02,-2.679435185986471860e-02
4.166666666666666435e-02,-1.754646250528727747e-01
6.250000000000000000e-02,-4.554226833250362150e-01
8.333333333333332871e-02,-8.495518000951071125e-01
1.041666666666666574e-01,-1.280184032517579507e+00
1.250000000000000000e-01,-1.747710202277028557e+00
1.458333333333333148e-01,-2.251825509562742411e+00
1.666666666666666574e-01,-2.612919149541833796e+00
1.875000000000000000e-01,-1.975188480878740771e+00
2.083333333333333148e-01,-1.043966681273464259e+00
2.291666666666666574e-01,-7.099781376599632876e-02
2.500000000000000000e-01,6.940906235153776471e-01
2.708333333333333148e-01,1.399646586950779481e+00
2.916666666666666297e-01,2.046488410976973871e+00
3.125000000000000000e-01,2.360752360739751587e+00
3.333333333333333148e-01,2.480822732675645348e+00
3.541666666666666297e-01,2.599904832769094121e+00
3.750000000000000000e-01,2.645084904820251381e+00
3.958333333333333148e-01,2.619770866931088626e+00
4.166666666666666297e-01,2.594156962099065211e+00
4.375000000000000000e-01,2.568389235753248734e+00
4.583333333333333148e-01,2.542611602291431350e+00
4.791666666666666297e-01,2.516964377765686045e+00
5.000000000000000000e-01,2.491582928901098892e+00
5.208333333333332593e-01,2.466596446225011174e+00
5.416666666666666297e-01,2.442126847136793177e+00
5.625000000000000000e-01,2.418287812887284005e+00
5.833333333333332593e-01,2.395183961677070261e+00
6.041666666666666297e-01,2.372910158435640238e+00
6.250000000000000000e-01,2.351550960318576244e+00
6.458333333333332593e-01,2.331180195564359625e+00
6.666666666666666297e-01,2.311860672090907620e+00
6.875000000000000000e-01,2.293644011087436319e+00
7.083333333333332593e-01,2.276570599870586076e+00
7.291666666666666297e-01,-1.166512886841401020e+01
7.500000000000000000e-01,5.054702131733248116e+00
7.708333333333332593e-01,1.545692038431429083e+01
7.916666666666666297e-01,1.277848142235765749e+01
8.125000000000000000e-01,9.836307672424943860e+00
8.333333333333332593e-01,6.554139057695051562e+00
8.541666666666666297e-01,6.214114897001266513e+00
8.750000000000000000e-01,7.004294097149350584e+00
8.958333333333332593e-01,7.206305698414686489e+00
9.166666666666666297e-01,7.141451728987237679e+00
9.375000000000000000e-01,7.089801479307051402e+00
9.583333333333332593e-01,7.023750702453546602e+00
9.791666666666666297e-01,6.596084870654895127e+00
1.000000000000000000e+00,6.063705266530479143e+00
1.020833333333333259e+00,5.482746116486736376e+00
1.041666666666666519e+00,5.089497659682254316e+00
1.062500000000000000e+00,5.066789979043986314e+00
1.083333333333333259e+00,4.772613992639669789e+00
1.104166666666666519e+00,4.368347016748192146e+00
1.125000000000000000e+00,3.763441578794698206e+00
1.145833333333333259e+00,2.094867903942553067e+00
1.166666666666666519e+00,6.390462342130699414e-01
1.187500000000000000e+00,6.268026172860645673e+00
1.208333333333333259e+00,9.111592954418169299e+00
1.229166666666666519e+00,8.865568004601568575e+00
1.250000000000000000e+00,8.045542126787623260e+00
1.270833333333333259e+00,6.660443704929848607e+00
1.291666666666666519e+00,4.905870285395518948e+00
1.312500000000000000e+00,4.255387420240897001e+00
1.333333333333333259e+00,4.074504145240051223e+00
1.354166666666666519e+00,4.036989738292048990e+00
1.375000000000000000e+00,3.845936108509366402e+00
1.395833333333333259e+00,3.499018670860616353e+00
1.416666666666666519e+00,2.914675929540587074e+00
1.437500000000000000e+00,2.686475520385407822e+00
1.458333333333333259e+00,3.106983846093802182e+00
1.479166666666666519e+00,3.765222165856746184e+00
1.500000000000000000e+00,3.828597880590850711e+00
1.520833333333333259e+00,3.537719037934723865e+00
1.541666666666666519e+00,2.979465190561195520e+00
1.562500000000000000e+00,2.711672175151865094e+00
1.583333333333333259e+00,2.910476442179549039e+00
1.604166666666666519e+00,3.109212659127491563e+00
1.625000000000000000e+00,3.297397440341194752e+00
1.645833333333333259e+00,3.182611610706225669e+00
1.666666666666666519e+00,2.895166808142143111e+00
1.687500000000000000e+00,2.623293904811499377e+00
1.708333333333333259e+00,2.538126249682441937e+00
1.729166666666666519e+00,2.704870435247209493e+00
1.750000000000000000e+00,2.937254593790603607e+00
1.770833333333333259e+00,2.865532713675258414e+00
1.791666666666666519e+00,2.589513789575463409e+00
1.812500000000000000e+00,2.454987556204669019e+00
1.833333333333333259e+00,2.436958197291358097e+00
1.854166666666666519e+00,2.581241343051114079e+00
1.875000000000000000e+00,2.641996765475748354e+00
1.895833333333333259e+00,2.520705355810820780e+00
1.916666666666666519e+00,2.363640771034974275e+00
1.937500000000000000e+00,2.318679620659603202e+00
1.958333333333333259e+00,2.336165325814320237e+00
1.979166666666666519e+00,2.311647863862511532e+00
2.000000000000000000e+00,2.205044205857310313e+00
2.020833333333333037e+00,2.058970301399831726e+00
2.041666666666666519e+00,2.087869626637887777e+00
2.062500000000000000e+00,2.079439554311617755e+00
2.083333333333333037e+00,2.069424044603995316e+00
2.104166666666666519e+00,1.954072136910637969e+00
2.125000000000000000e+00,1.859746627854377943e+00
2.145833333333333037e+00,1.793158425318279070e+00
2.166666666666666519e+00,1.828456501512639054e+00
2.187500000000000000e+00,1.795547156487691254e+00
2.208333333333333037e+00,1.753581260100600447e+00
2.229166666666666519e+00,1.678799378679605603e+00
2.250000000000000000e+00,1.665375406922186663e+00
2.270833333333333037e+00,1.706882585965108001e+00
2.291666666666666519e+00,1.658450706095420113e+00
2.312500000000000000e+00,1.617622165493860509e+00
2.333333333333333037e+00,1.593691520773350634e+00
2.354166666666666519e+00,1.665149238088367456e+00
2.375000000000000000e+00,1.654228592392537722e+00
2.395833333333333037e+00,1.647916940281532572e+00
2.416666666666666519e+00,1.612884203280798401e+00
2.437500000000000000e+00,1.645389834975302445e+00
2.458333333333333037e+00,1.628964055981462655e+00
2.479166666666666519e+00,1.559318360363351585e+00
2.500000000000000000e+00,1.502146381032430478e+00
2.520833333333333037e+00,1.512862769651829975e+00
2.541666666666666519e+00,1.576413219713103553e+00
2.562500000000000000e+00,1.619146990070485348e+00
2.583333333333333037e+00,1.600074917921934459e+00
2.604166666666666519e+00,1.600702388653956199e+00
2.625000000000000000e+00,1.616141443249071052e+00
2.645833333333333037e+00,1.550031428908425823e+00
2.666666666666666519e+00,1.458671481109490964e+00
2.687500000000000000e+00,1.406728596496968242e+00
2.708333333333333037e+00,1.428263497915841063e+00
2.729166666666666519e+00,1.487418079522101921e+00
2.750000000000000000e+00,1.535134450702441589e+00
2.770833333333333037e+00,1.498671379013260641e+00
2.791666666666666519e+00,1.427299825217317464e+00
2.812500000000000000e+00,1.421643036572708629e+00
2.833333333333333037e+00,1.429506645710192370e+00
2.854166666666666519e+00,1.428767254243259233e+00
2.875000000000000000e+00,1.478759669801277710e+00
2.895833333333333037e+00,1.478656061402102262e+00
2.916666666666666519e+00,1.467722060769256931e+00
2.937500000000000000e+00,1.412138700864467245e+00
2.958333333333333037e+00,1.395068835508049832e+00
2.979166666666666519e+00,1.434651948380653019e+00
3.000000000000000000e+00,1.446310222425849279e+00
3.020833333333333037e+00,1.385593875751761628e+00
3.041666666666666519e+00,1.384377218231681583e+00
3.062500000000000000e+00,1.339629050945242872e+00
3.083333333333333037e+00,1.411522489277823977e+00
3.104166666666666519e+00,1.429934475732688393e+00
3.125000000000000000e+00,1.447354536533453251e+00
3.145833333333333037e+00,1.330728263507284348e+00
3.166666666666666519e+00,1.338550498419597057e+00
3.187500000000000000e+00,1.291604241901397554e+00
3.208333333333333037e+00,1.456461323214746528e+00
3.229166666666666519e+00,1.339143758371579285e+00
3.250000000000000000e+00,1.176527383484389899e+00
3.270833333333333037e+00,1.119788578877309870e+00
3.291666666666666519e+00,1.174353609128496290e+00
3.312500000000000000e+00,1.088522197957325188e+00
3.333333333333333037e+00,1.133908211256061449e+00
3.354166666666666519e+00,9.767529422430595298e-01
3.375000000000000000e+00,9.485589184128546680e-01
3.395833333333333037e+00,9.865687754574631319e-01
3.416666666666666519e+00,8.976463745363011393e-01
3.437500000000000000e+00,9.308991955618632907e-01
3.458333333333333037e+00,9.088057706124855750e-01
3.479166666666666519e+00,8.163017757219634962e-01
3.500000000000000000e+00,8.897197601272528455e-01
3.520833333333333037e+00,9.409810182954392310e-02
3.541666666666666519e+00,8.420663520657331591e-04
3.562500000000000000e+00,1.617545257434716520e-03
3.583333333333333037e+00,7.393977940929323967e-04
3.604166666666666519e+00,-8.786458536215314800e-04
3.625000000000000000e+00,-3.599518433090230464e-04
3.645833333333333037e+00,-1.347839071725771571e-04
3.666666666666666519e+00,-3.730475858719165948e-05
3.687500000000000000e+00,4.770478582462602726e-06
3.708333333333333037e+00,2.286012270222580233e-05
3.729166666666666519e+00,3.059276479668237246e-05
3.750000000000000000e+00,3.386902292443404275e-05
3.770833333333333037e+00,3.523778002927196984e-05
3.791666666666666519e+00,3.579657436565333314e-05
3.812500000000000000e+00,3.200902910878760321e-05
3.833333333333333037e+00,3.207658084469458315e-05
3.854166666666666519e+00,4.449223840662488630e-05
3.875000000000000000e+00,6.173268506974294290e-05
3.895833333333333037e+00,2.402495397767386021e-04
3.916666666666666519e+00,6.684782615179019982e-05
3.937500000000000000e+00,3.269643909744092967e-05
3.958333333333333037e+00,5.201526140164997573e-05
3.979166666666666519e+00,2.641485124061476833e-05
4.000000000000000000e+00,4.050641892260913618e-07
4.020833333333333037e+00,1.142256086022338336e-04
4.041666666666666075e+00,1.376726302933669027e-04
4.062500000000000000e+00,1.375654738857130343e-04
4.083333333333333037e+00,7.114967553613669267e-05
4.104166666666666075e+00,4.764244269320441652e-05
4.125000000000000000e+00,2.515567011002848040e-05
4.145833333333333037e+00,-1.996749930109612357e-07
4.166666666666666075e+00,1.141907195396988631e-04
4.187500000000000000e+00,1.146514473632458104e-04
4.208333333333333037e+00,1.148072113471100200e-04
4.229166666666666075e+00,2.891691220882076083e-05
4.250000000000000000e+00,6.145617944321095740e-05
4.270833333333333037e+00,9.340802976340418172e-05
4.291666666666666075e+00,-2.179670776911223160e-06
4.312500000000000000e+00,1.135235648524418150e-04
4.333333333333333037e+00,1.376640371933376722e-04
4.354166666666666075e+00,-8.980266031241102356e-05
4.375000000000000000e+00,-1.093639656943169958e-04
4.395833333333333037e+00,9.804442198121955112e-05
4.416666666666666075e+00,3.407175387962020147e-05
4.437500000000000000e+00,2.958090283253482177e-05
4.458333333333333037e+00,1.306992574070640510e-04
4.479166666666666075e+00,1.146679821570150646e-04
4.500000000000000000e+00,1.376801911666752324e-04
4.520833333333333037e+00,1.147896015282973484e-04
4.541666666666666075e+00,4.726753248012984025e-05
4.562500000000000000e+00,2.660239142378735137e-05
4.583333333333333037e+00,5.050654506331271577e-05
4.604166666666666075e+00,3.947389275506968544e-07
4.625000000000000000e+00,1.377788596671011443e-04
4.645833333333333037e+00,1.146459664585553265e-04
4.666666666666666075e+00,-8.676032193967307031e-05
4.687500000000000000e+00,7.840535961604637916e-05
4.708333333333333037e+00,6.584468304353921139e-05
4.729166666666666075e+00,2.546465975212250385e-05
4.750000000000000000e+00,3.879752308077660008e-07
4.770833333333333037e+00,1.142296962208445735e-04
4.791666666666666075e+00,1.376729807877677121e-04
4.812500000000000000e+00,1.375652767465120746e-04
4.833333333333333037e+00,7.134997965591870803e-05
4.854166666666666075e+00,5.094051223924503608e-05
4.875000000000000000e+00,2.544809080131432070e-05
4.895833333333333037e+00,-1.945167146417010060e-07
4.916666666666666075e+00,1.141949056648776855e-04
4.937500000000000000e+00,1.146541737606707591e-04
4.958333333333333037e+00,1.148099484107202838e-04
4.979166666666666075e+00,2.890509076258793804e-05
5.000000000000000000e+00,6.134970482441775446e-05
5.020833333333333037e+00,9.322739134730573783e-05
5.041666666666666075e+00,-2.181447775927463137e-06
5.062500000000000000e+00,1.135260816108857302e-04
5.083333333333333037e+00,1.376633146663153021e-04
5.104166666666666075e+00,-8.979165386546994173e-05
5.125000000000000000e+00,-1.093491860904284395e-04
5.145833333333333037e+00,9.805181669237219080e-05
5.166666666666666075e+00,3.408243294600874548e-05
5.187500000000000000e+00,2.993119159415867514e-05
5.208333333333333037e+00,1.307242702908538304e-04
5.229166666666666075e+00,1.146706855008446444e-04
5.250000000000000000e+00,1.376794585894681653e-04
5.270833333333333037e+00,1.147923120661256343e-04
5.291666666666666075e+00,4.725900540229239924e-05
5.312500000000000000e+00,2.659718411328376486e-05
5.333333333333333037e+00,5.049753906223089630e-05
5.354166666666666075e+00,3.948251985642616324e-07
5.375000000000000000e+00,1.377781271841785479e-04
5.395833333333333037e+00,1.146486652780981315e-04
5.416666666666666075e+00,-8.675079615873932618e-05
5.437500000000000000e+00,7.839385413596319015e-05
5.458333333333333037e+00,6.584919655775981373e-05
5.479166666666666075e+00,2.546955043805738061e-05
5.500000000000000000e+00,3.882140758302503315e-07
5.520833333333333037e+00,1.142323751359160646e-04
5.541666666666666075e+00,1.376722465912805227e-04
5.562500000000000000e+00,1.375645421424944034e-04
5.583333333333333037e+00,7.134225288575137046e-05
5.604166666666666075e+00,5.093886762642910220e-05
5.625000000000000000e+00,2.544927213401023845e-05
5.645833333333333037e+00,-1.939883242847247920e-07
5.666666666666666075e+00,1.141976053192735784e-04
5.687500000000000000e+00,1.146568709876739331e-04
5.708333333333333037e+00,1.148126546803190283e-04
5.729166666666666075e+00,2.890499884504770846e-05
5.750000000000000000e+00,6.134426988424575755e-05
5.770833333333333037e+00,9.322323639073613996e-05
5.791666666666666075e+00,-2.180498020792129689e-06
5.812500000000000000e+00,1.135287514636421546e-04
5.833333333333333037e+00,1.376625773451285305e-04
5.854166666666666075e+00,-8.978108902447853043e-05
5.875000000000000000e+00,-1.093355218520025246e-04
5.895833333333333037e+00,9.803554414382421628e-05
5.916666666666666075e+00,3.407977236339070244e-05
5.937500000000000000e+00,3.000980252297863037e-05
5.958333333333333037e+00,1.307217194994024511e-04
5.979166666666666075e+00,1.146733809053375767e-04
6.000000000000000000e+00,1.376787210529706871e-04
6.020833333333333037e+00,1.147950152109197781e-04
6.041666666666666075e+00,4.725153557611484848e-05
6.062500000000000000e+00,2.659562021305096629e-05
6.083333333333333037e+00,5.053920860726812247e-05
6.104166666666666075e+00,3.949117786033385754e-07
6.125000000000000000e+00,1.377773870178452945e-04
6.145833333333333037e+00,1.146513592160664354e-04
6.166666666666666075e+00,-8.674130489407349122e-05
6.187500000000000000e+00,7.838073409370999211e-05
6.208333333333333037e+00,6.584892547749822292e-05
6.229166666666666075e+00,2.547223413717825247e-05
6.250000000000000000e+00,3.884469724927507648e-07
6.270833333333333037e+00,1.142350485507187904e-04
6.291666666666666075e+00,1.376715059939805379e-04
6.312500000000000000e+00,1.375638010429227460e-04
6.333333333333333037e+00,7.133458277089795030e-05
6.354166666666666075e+00,5.093829667049361759e-05
6.375000000000000000e+00,2.545103878702862645e-05
6.395833333333333037e+00,-1.934524228345454842e-07
6.416666666666666075e+00,1.142003016761166751e-04
6.437500000000000000e+00,1.146595628174335555e-04
6.458333333333333037e+00,1.148153555315196885e-04
6.479166666666666075e+00,2.890488162654926451e-05
6.500000000000000000e+00,6.133859538983257084e-05
6.520833333333333037e+00,9.321866067965741375e-05
6.541666666666666075e+00,-2.179554622991725858e-06
6.562500000000000000e+00,1.135314155168637629e-04
6.583333333333333037e+00,1.376618334776194368e-04
6.604166666666666075e+00,-8.977052327171158126e-05
6.625000000000000000e+00,-1.093218618533806200e-04
6.645833333333333037e+00,9.801933555907116867e-05
6.666666666666666075e+00,3.407714561563384852e-05
6.687500000000000000e+00,3.008903815890629472e-05
6.708333333333333037e+00,1.307192270969961898e-04
6.729166666666666075e+00,1.146760708386400596e-04
6.750000000000000000e+00,1.376779769297261106e-04
6.770833333333333037e+00,1.147977128767722942e-04
6.791666666666666075e+00,4.724406704603763686e-05
6.812500000000000000e+00,2.659404917042768144e-05
6.833333333333333037e+00,5.058074233386162415e-05
6.854166666666666075e+00,3.949983350442511968e-07
6.875000000000000000e+00,1.377766402672532683e-04
6.895833333333333037e+00,1.146540476895363514e-04
6.916666666666666075e+00,-8.673181218180932165e-05
6.937500000000000000e+00,7.836762442464701589e-05
6.958333333333333037e+00,6.584866676062988669e-05
6.979166666666666075e+00,2.547492353853774932e-05
7.000000000000000000e+00,3.886798639565498501e-07
7.020833333333333037e+00,1.142377165177724799e-04
7.041666666666666075e+00,1.376707588183358048e-04
7.062500000000000000e+00,1.375630533717375010e-04
7.083333333333333037e+00,7.132691501220375673e-05
7.104166666666666075e+00,5.093772453087117512e-05
7.125000000000000000e+00,2.545280471594653382e-05
7.145833333333333037e+00,-1.929165531898515290e-07
7.166666666666666075e+00,1.142029926037851109e-04
7.187500000000000000e+00,1.146622491899496477e-04
7.208333333333333037e+00,1.148180509401818390e-04
7.229166666666666075e+00,2.890476867654675054e-05
7.250000000000000000e+00,6.133292453044189715e-05
7.270833333333333037e+00,9.321408870823634605e-05
7.291666666666666075e+00,-2.178611096305453848e-06
7.312500000000000000e+00,1.135340741739380836e-04
7.333333333333333037e+00,1.376610830256959329e-04
7.354166666666666075e+00,-8.975995617805374634e-05
7.375000000000000000e+00,-1.093082087885750565e-04
7.395833333333333037e+00,9.800313367492856516e-05
7.416666666666666075e+00,3.407452106525206864e-05
7.437500000000000000e+00,3.016824558719400330e-05
7.458333333333333037e+00,1.307167268101418428e-04
7.479166666666666075e+00,1.146787553029871893e-04
7.500000000000000000e+00,1.376772262360797324e-04
7.520833333333333037e+00,1.148004050870004005e-04
7.541666666666666075e+00,4.723660229228632300e-05
7.562500000000000000e+00,2.659247963976032840e-05
7.583333333333333037e+00,5.062226196328789888e-05
7.604166666666666075e+00,3.950848747580007980e-07
7.625000000000000000e+00,1.377758869316466988e-04
7.645833333333333037e+00,1.146567306849348341e-04
7.666666666666666075e+00,-8.672231902694834652e-05
7.687500000000000000e+00,7.835452137567385129e-05
7.708333333333333037e+00,6.584840841255344798e-05
7.729166666666666075e+00,2.547761315399135591e-05
7.750000000000000000e+00,3.889127100764642483e-07
7.770833333333333037e+00,1.142403790298891168e-04
7.791666666666666075e+00,1.376700050661789504e-04
7.812500000000000000e+00,1.375622991301686147e-04
7.833333333333333037e+00,7.131925009052612777e-05
7.854166666666666075e+00,5.093715322614785163e-05
7.875000000000000000e+00,2.545457101729463659e-05
7.895833333333333037e+00,-1.923806713555720748e-07
7.916666666666666075e+00,1.142056780883853365e-04
7.937500000000000000e+00,1.146649300832377881e-04
7.958333333333333037e+00,1.148207408787227396e-04
7.979166666666666075e+00,2.890466014266358937e-05
8.000000000000000000e+00,6.132725665143509393e-05
8.020833333333332149e+00,9.320951932385069551e-05
8.041666666666666075e+00,-2.177667396530980624e-06
8.062500000000000000e+00,1.135367274126962721e-04
8.083333333333332149e+00,1.376603259938171254e-04
8.104166666666666075e+00,-8.974938823047508198e-05
8.125000000000000000e+00,-1.092945625796444239e-04
8.145833333333332149e+00,9.798693882286921069e-05
8.166666666666666075e+00,3.407189855751716995e-05
8.187500000000000000e+00,3.024742364651179582e-05
8.208333333333332149e+00,1.307142185739372520e-04
8.229166666666666075e+00,1.146814343185493005e-04
8.250000000000000000e+00,1.376764689553157297e-04
8.270833333333332149e+00,1.148030918289925624e-04
8.291666666666666075e+00,4.722914108425013582e-05
8.312500000000000000e+00,2.659091150288595435e-05
8.333333333333332149e+00,5.066376760864205393e-05
8.354166666666666075e+00,3.951714204129365294e-07
8.375000000000000000e+00,1.377751270177929050e-04
8.395833333333332149e+00,1.146594082356029839e-04
8.416666666666666075e+00,-8.671282526954372165e-05
8.437500000000000000e+00,7.834142472218991388e-05
8.458333333333332149e+00,6.584815050067526019e-05
8.479166666666666075e+00,2.548030333074828566e-05
8.500000000000000000e+00,3.891455402195048113e-07
8.520833333333332149e+00,1.142430360853773048e-04
8.541666666666666075e+00,1.376692447328092535e-04
8.562500000000000000e+00,1.375615383081186952e-04
8.583333333333332149e+00,7.131158708341489105e-05
8.604166666666666075e+00,5.093658285887839836e-05
8.625000000000000000e+00,2.545633800053379286e-05
8.645833333333332149e+00,-1.918447783228097854e-07
8.666666666666666075e+00,1.142083580947379865e-04
8.687500000000000000e+00,1.146676055389256343e-04
8.708333333333332149e+00,1.148234253273873050e-04
8.729166666666666075e+00,2.890455560116704970e-05
8.750000000000000000e+00,6.132159185590692644e-05
8.770833333333332149e+00,9.320495277506213143e-05
8.791666666666666075e+00,-2.176723575158619119e-06
8.812500000000000000e+00,1.135393752425070278e-04
8.833333333333332149e+00,1.376595623828628988e-04
8.854166666666666075e+00,-8.973881952240245490e-05
8.875000000000000000e+00,-1.092809232772826004e-04
8.895833333333332149e+00,9.797075081249560281e-05
8.916666666666666075e+00,3.406927805777912164e-05
8.937500000000000000e+00,3.032657502406734031e-05
8.958333333333332149e+00,1.307117026224181898e-04
8.979166666666666075e+00,1.146841078712390290e-04
9.000000000000000000e+00,1.376757051026084066e-04
9.020833333333332149e+00,1.148057730870523380e-04
9.041666666666666075e+00,4.722168392955146860e-05
9.062500000000000000e+00,2.658934491768797021e-05
9.083333333333332149e+00,5.070525911784727895e-05
9.104166666666666075e+00,3.952579289663996971e-07
9.125000000000000000e+00,1.377743605062144660e-04
9.145833333333332149e+00,1.146620803147971112e-04
9.166666666666666075e+00,-8.670332958409098932e-05
9.187500000000000000e+00,7.832833462498235873e-05
9.208333333333332149e+00,6.584789363959379688e-05
9.229166666666666075e+00,2.548299387973840789e-05
9.250000000000000000e+00,3.893783324522747188e-07
9.270833333333332149e+00,1.142456877158787391e-04
9.291666666666666075e+00,1.376684778163918916e-04
9.312500000000000000e+00,1.375607709096587320e-04
9.333333333333332149e+00,7.130392711816894373e-05
9.354166666666666075e+00,5.093601389656554726e-05
9.375000000000000000e+00,2.545810559722670849e-05
9.395833333333332149e+00,-1.913088808657170093e-07
9.416666666666666075e+00,1.142110327051858306e-04
9.437500000000000000e+00,1.146702755241851845e-04
9.458333333333332149e+00,1.148261043139915146e-04
9.479166666666666075e+00,2.890445520076363164e-05
9.500000000000000000e+00,6.131593007370939215e-05
9.520833333333332149e+00,9.320038877380038629e-05
9.541666666666666075e+00,-2.175779590099640999e-06
9.562500000000000000e+00,1.135420176479651254e-04
9.583333333333332149e+00,1.376587921837975120e-04
9.604166666666666075e+00,-8.972825008773138602e-05
9.625000000000000000e+00,-1.092672910394852323e-04
9.645833333333332149e+00,9.795456979192114239e-05
9.666666666666666075e+00,3.406665966412904175e-05
9.687500000000000000e+00,3.040569915497047128e-05
9.708333333333332149e+00,1.307091789213723316e-04
9.729166666666666075e+00,1.146867759325309344e-04
9.750000000000000000e+00,1.376749346598424252e-04
9.770833333333332149e+00,1.148084488811847750e-04
9.791666666666666075e+00,4.721423032896583958e-05
9.812500000000000000e+00,2.658777982546506151e-05
9.833333333333332149e+00,5.074673632511206690e-05
9.854166666666666075e+00,3.953444343627589416e-07
9.875000000000000000e+00,1.377735874092079419e-04
9.895833333333332149e+00,1.146647469297671268e-04
9.916666666666666075e+00,-8.669383462761589914e-05
9.937500000000000000e+00,7.831525069109518660e-05
9.958333333333332149e+00,6.584763692282262428e-05
9.979166666666666075e+00,2.548568481940936158e-05
1.000000000000000000e+01,3.896111064745383448e-07
1.002083333333333215e+01,1.142483338813544703e-04
1.004166666666666607e+01,1.376677043201241229e-04
1.006250000000000000e+01,1.375599969357578934e-04
1.008333333333333215e+01,7.129626957252126380e-05
1.010416666666666607e+01,5.093544571980609476e-05
1.012500000000000000e+01,2.545987357455779918e-05
1.014583333333333215e+01,-1.907729669679599429e-07
1.016666666666666607e+01,1.142137018418524022e-04
1.018750000000000000e+01,1.146729400101594628e-04
1.020833333333333215e+01,1.148287778330330693e-04
1.022916666666666607e+01,2.890435933614614501e-05
1.025000000000000000e+01,6.131027157081019952e-05
1.027083333333333215e+01,9.319582771038405623e-05
1.029166666666666607e+01,-2.174835448003454799e-06
1.031250000000000000e+01,1.135446546219381816e-04
1.033333333333333215e+01,1.376580154068596012e-04
1.035416666666666607e+01,-8.971768018243328046e-05
1.037500000000000000e+01,-1.092536656907340824e-04
1.039583333333333215e+01,9.793839546240853044e-05
1.041666666666666607e+01,3.406404312789187375e-05
1.043750000000000000e+01,3.048479365889883281e-05
1.045833333333333215e+01,1.307066472044148085e-04
1.047916666666666607e+01,1.146894385602451798e-04
1.050000000000000000e+01,1.376741576379844362e-04
1.052083333333333215e+01,1.148111192062406993e-04
1.054166666666666607e+01,4.720678053344270396e-05
1.056250000000000000e+01,2.658621631541965705e-05
1.058333333333333215e+01,5.078819927306086398e-05
1.060416666666666607e+01,3.954309011441264946e-07
1.062500000000000000e+01,1.377728077277418778e-04
1.064583333333333215e+01,1.146674080658177544e-04
1.066666666666666607e+01,-8.668433874283701553e-05
1.068750000000000000e+01,7.830217317719340739e-05
1.070833333333333215e+01,6.584738081954661401e-05
1.072916666666666607e+01,2.548837596655032244e-05
1.075000000000000000e+01,3.898438540419885413e-07
1.077083333333333215e+01,1.142509745781574050e-04
1.079166666666666607e+01,1.376669242378384089e-04
1.081250000000000000e+01,1.375592163788984029e-04
1.083333333333333215e+01,7.128861463509081494e-05
1.085416666666666607e+01,5.093487890503954461e-05
1.087500000000000000e+01,2.546164227937441232e-05
1.089583333333333215e+01,-1.902370646765943328e-07
1.091666666666666607e+01,1.142163655440691543e-04
1.093750000000000000e+01,1.146755990560384945e-04
1.095833333333333215e+01,1.148314458655862852e-04
1.097916666666666607e+01,2.890426714729956836e-05
1.100000000000000000e+01,6.130461580787952371e-05
1.102083333333333215e+01,9.319126907360192357e-05
1.104166666666666607e+01,-2.173891160201562255e-06
1.106250000000000000e+01,1.135472862030525656e-04
1.108333333333333215e+01,1.376572320348736964e-04
1.110416666666666607e+01,-8.970710885092763416e-05
1.112500000000000000e+01,-1.092400472361925281e-04
1.114583333333333215e+01,9.792222849196960963e-05
1.116666666666666607e+01,3.406142892921908583e-05
1.118750000000000000e+01,3.056386199418397018e-05
1.120833333333333215e+01,1.307041078457423335e-04
1.122916666666666607e+01,1.146920956787232237e-04
1.125000000000000000e+01,1.376733740245244272e-04
1.127083333333333215e+01,1.148137840386917176e-04
1.129166666666666607e+01,4.719933450961636328e-05
1.131250000000000000e+01,2.658465399778476890e-05
1.133333333333333215e+01,5.082964758752532249e-05
1.135416666666666607e+01,3.955173623611514992e-07
1.137500000000000000e+01,1.377720214473799319e-04
1.139583333333333215e+01,1.146700637313900908e-04
1.141666666666666607e+01,-8.667484134703098866e-05
1.143750000000000000e+01,7.828910251803706426e-05
1.145833333333333215e+01,6.584712548391139680e-05
1.147916666666666607e+01,2.549106770156303828e-05
1.150000000000000000e+01,3.900765648096301291e-07
1.152083333333333215e+01,1.142536098578441619e-04
1.154166666666666607e+01,1.376661375769455155e-04
1.156250000000000000e+01,1.375584292453681994e-04
1.158333333333333215e+01,7.128096200496079427e-05
1.160416666666666607e+01,5.093431286076483943e-05
1.162500000000000000e+01,2.546341154109224385e-05
1.164583333333333215e+01,-1.897011525477575801e-07
1.166666666666666607e+01,1.142190237794105139e-04
1.168750000000000000e+01,1.146782526258487362e-04
1.170833333333333215e+01,1.148341084216484008e-04
1.172916666666666607e+01,2.890417929042325327e-05
1.175000000000000000e+01,6.129896322844516116e-05
1.177083333333333215e+01,9.318671326054699133e-05
1.179166666666666607e+01,-2.172946741835290552e-06
1.181250000000000000e+01,1.135499123503917209e-04
1.183333333333333215e+01,1.376564420760142753e-04
1.185416666666666607e+01,-8.969653707921178233e-05
1.187500000000000000e+01,-1.092264356865282378e-04
1.189583333333333215e+01,9.790606816944427237e-05
1.191666666666666607e+01,3.405881638252266448e-05
1.193750000000000000e+01,3.064290167396504811e-05
1.195833333333333215e+01,1.307015605523494865e-04
1.197916666666666607e+01,1.146947473714687995e-04
1.200000000000000000e+01,1.376725838268581749e-04
1.202083333333333215e+01,1.148164434004934930e-04
1.204166666666666607e+01,4.719189225931819765e-05
1.206250000000000000e+01,2.658309329869072625e-05
1.208333333333333215e+01,5.087108173257033194e-05
1.210416666666666607e+01,3.956038153921748158e-07
1.212500000000000000e+01,1.377712285763018133e-04
1.214583333333333215e+01,1.146727139467531328e-04
1.216666666666666607e+01,-8.666534364217408121e-05
1.218750000000000000e+01,7.827603800423751403e-05
1.220833333333333215e+01,6.584687069361682126e-05
1.222916666666666607e+01,2.549375981706469214e-05
1.225000000000000000e+01,3.903092496079116100e-07
1.227083333333333215e+01,1.142562396482288043e-04
1.229166666666666607e+01,1.376653443116744450e-04
1.231250000000000000e+01,1.375576355316943393e-04
1.233333333333333215e+01,7.127331203251417312e-05
1.235416666666666607e+01,5.093374785902262254e-05
1.237500000000000000e+01,2.546518125910534171e-05
1.239583333333333215e+01,-1.891652244556739525e-07
1.241666666666666607e+01,1.142216765871603376e-04
1.243750000000000000e+01,1.146809007205094150e-04
1.245833333333333215e+01,1.148367655041439566e-04
1.247916666666666607e+01,2.890409565672501983e-05
1.250000000000000000e+01,6.129331388525117584e-05
1.252083333333333215e+01,9.318216041354426761e-05
1.254166666666666607e+01,-2.172002153907171646e-06
1.256250000000000000e+01,1.135525330773829762e-04
1.258333333333333215e+01,1.376556455357892206e-04
1.260416666666666607e+01,-8.968596454281578187e-05
1.262500000000000000e+01,-1.092128312756691737e-04
1.264583333333333215e+01,9.788991498562114857e-05
1.266666666666666607e+01,3.405620613433364940e-05
1.268750000000000000e+01,3.072191385551412243e-05
1.270833333333333215e+01,1.306990054802756470e-04
1.272916666666666607e+01,1.146973935623073128e-04
1.275000000000000000e+01,1.376717870384759125e-04
1.277083333333333215e+01,1.148190972860314981e-04
1.279166666666666607e+01,4.718445370736649779e-05
1.281250000000000000e+01,2.658153414468054156e-05
1.283333333333333215e+01,5.091250169721799296e-05
1.285416666666666607e+01,3.956902437471483865e-07
1.287500000000000000e+01,1.377704291096665593e-04
1.289583333333333215e+01,1.146753586632640010e-04
1.291666666666666607e+01,-8.665584563836349510e-05
1.293750000000000000e+01,7.826298007822456799e-05
1.295833333333333215e+01,6.584661637005833831e-05
1.297916666666666607e+01,2.549645222895946100e-05
1.300000000000000000e+01,3.905419058236150044e-07
1.302083333333333215e+01,1.142588639941868937e-04
1.304166666666666607e+01,1.376645444662785559e-04
1.306250000000000000e+01,1.375568352252985597e-04
1.308333333333333215e+01,7.126566468940659989e-05
1.310416666666666607e+01,5.093318407729747398e-05
1.312500000000000000e+01,2.546695161045802532e-05
1.314583333333333215e+01,-1.886292965545013868e-07
1.316666666666666607e+01,1.142243239108116072e-04
1.318750000000000000e+01,1.146835433326923951e-04
1.320833333333333215e+01,1.148394171162013094e-04
1.322916666666666607e+01,2.890401640727903855e-05
1.325000000000000000e+01,6.128766717076463647e-05
1.327083333333333215e+01,9.317761000923510651e-05
1.329166666666666607e+01,-2.171057450947892417e-06
1.331250000000000000e+01,1.135551483928822576e-04
1.333333333333333215e+01,1.376548423976444455e-04
1.335416666666666607e+01,-8.967539141657539172e-05
1.337500000000000000e+01,-1.091992338539686698e-04
1.339583333333333215e+01,9.787376845712809329e-05
1.341666666666666607e+01,3.405359792508012883e-05
1.343750000000000000e+01,3.080089801913948161e-05
1.345833333333333215e+01,1.306964425724978251e-04
1.347916666666666607e+01,1.147000342794252283e-04
1.350000000000000000e+01,1.376709836536544891e-04
1.352083333333333215e+01,1.148217457057471150e-04
1.354166666666666607e+01,4.717701898218417756e-05
1.356250000000000000e+01,2.657997638317115659e-05
1.358333333333333215e+01,5.095390797090646677e-05
1.360416666666666607e+01,3.957766585085533019e-07
1.362500000000000000e+01,1.377696230373866716e-04
1.364583333333333215e+01,1.146779979301719557e-04
1.366666666666666607e+01,-8.664634614877225359e-05
1.368750000000000000e+01,7.824992857017362257e-05
1.370833333333333215e+01,6.584636284732726377e-05
1.372916666666666607e+01,2.549914505618620697e-05
1.375000000000000000e+01,3.907745360169701872e-07
1.377083333333333215e+01,1.142614828760338589e-04
1.379166666666666607e+01,1.376637380200432985e-04
1.381250000000000000e+01,1.375560283376529391e-04
1.383333333333333215e+01,7.125802004845222513e-05
1.385416666666666607e+01,5.093262143188727841e-05
1.387500000000000000e+01,2.546872243671496384e-05
1.389583333333333215e+01,-1.880933839096606329e-07
1.391666666666666607e+01,1.142269657972600378e-04
1.393750000000000000e+01,1.146861804742136640e-04
1.395833333333333215e+01,1.148420632349065782e-04
1.397916666666666607e+01,2.890394115612584299e-05
1.400000000000000000e+01,6.128202371562404237e-05
1.402083333333333215e+01,9.317306228870129363e-05
1.404166666666666607e+01,-2.170112605284893253e-06
1.406250000000000000e+01,1.135577582678785647e-04
1.408333333333333215e+01,1.376540326731831359e-04
1.410416666666666607e+01,-8.966481692485007374e-05
1.412500000000000000e+01,-1.091856432098737287e-04
1.414583333333333215e+01,9.785762906837626950e-05
1.416666666666666607e+01,3.405099179548863272e-05
1.418750000000000000e+01,3.087985452571166591e-05
1.420833333333333215e+01,1.306938718497309231e-04
1.422916666666666607e+01,1.147026695148969195e-04
1.425000000000000000e+01,1.376701736834568326e-04
1.427083333333333215e+01,1.148243886344104981e-04
1.429166666666666607e+01,4.716958814803734104e-05
1.431250000000000000e+01,2.657842010477106130e-05
1.433333333333333215e+01,5.099529898267427994e-05
1.435416666666666607e+01,3.958630505270016637e-07
1.437500000000000000e+01,1.377688103747563668e-04
1.439583333333333215e+01,1.146806317049967223e-04
1.441666666666666607e+01,-8.663684571825957192e-05
1.443750000000000000e+01,7.823688363981056153e-05
1.445833333333333215e+01,6.584610991951810098e-05
1.447916666666666607e+01,2.550183840678116017e-05
1.450000000000000000e+01,3.910071475290350529e-07
1.452083333333333215e+01,1.142640963197814988e-04
1.454166666666666607e+01,1.376629249718426475e-04
1.456250000000000000e+01,1.375552148620374300e-04
1.458333333333333215e+01,7.125037776198084620e-05
1.460416666666666607e+01,5.093205949901180292e-05
1.462500000000000000e+01,2.547049390662104460e-05
1.464583333333333215e+01,-1.875574324927341750e-07
1.466666666666666607e+01,1.142296022371159505e-04
1.468750000000000000e+01,1.146888121491844757e-04
1.470833333333333215e+01,1.148447038678192408e-04
1.472916666666666607e+01,2.890387026975715511e-05
1.475000000000000000e+01,6.127638315633836372e-05
1.477083333333333215e+01,9.316851760896531888e-05
1.479166666666666607e+01,-2.169167542868209318e-06
1.481250000000000000e+01,1.135603627174820978e-04
1.483333333333333215e+01,1.376532163560228105e-04
1.485416666666666607e+01,-8.965424187067601368e-05
1.487500000000000000e+01,-1.091720598293955519e-04
1.489583333333333215e+01,9.784149664564983136e-05
1.491666666666666607e+01,3.404838763188641120e-05
1.493750000000000000e+01,3.095878367728983427e-05
1.495833333333333215e+01,1.306912933205022181e-04
1.497916666666666607e+01,1.147052992891348235e-04
1.500000000000000000e+01,1.376693571079403453e-04
1.502083333333333215e+01,1.148270260754272350e-04
1.504166666666666607e+01,4.716216108669317892e-05
1.506250000000000000e+01,2.657686543881851400e-05
1.508333333333333215e+01,5.103667653157500082e-05
1.510416666666666607e+01,3.959494267590817354e-07
1.512500000000000000e+01,1.377679911058967452e-04
1.514583333333333215e+01,1.146832600011864331e-04
1.516666666666666607e+01,-8.662734490559004610e-05
1.518750000000000000e+01,7.822384498908593084e-05
1.520833333333333215e+01,6.584585754850469082e-05
1.522916666666666607e+01,2.550453212923352815e-05
1.525000000000000000e+01,3.912397253983925861e-07
1.527083333333333215e+01,1.142667042814798624e-04
1.529166666666666607e+01,1.376621053539988922e-04
1.531250000000000000e+01,1.375543947930672338e-04
1.533333333333333215e+01,7.124273829911155075e-05
1.535416666666666607e+01,5.093149883043196854e-05
1.537500000000000000e+01,2.547226590379758626e-05
1.539583333333333215e+01,-1.870214854802706226e-07
1.541666666666666607e+01,1.142322332061133965e-04
1.543750000000000000e+01,1.146914383379258966e-04
1.545833333333333215e+01,1.148473390346968622e-04
1.547916666666666607e+01,2.890380327374006332e-05
1.550000000000000000e+01,6.127074593174523321e-05
1.552083333333333215e+01,9.316397546428535799e-05
1.554166666666666607e+01,-2.168222388613197805e-06
1.556250000000000000e+01,1.135629617273428043e-04
1.558333333333333215e+01,1.376523934316873645e-04
1.560416666666666607e+01,-8.964366596217018444e-05
1.562500000000000000e+01,-1.091584833691667286e-04
1.564583333333333215e+01,9.782537108083194850e-05
1.566666666666666607e+01,3.404578541407028513e-05
1.568750000000000000e+01,3.103768481858940357e-05
1.570833333333333215e+01,1.306887069494360094e-04
1.572916666666666607e+01,1.147079235718936028e-04
1.575000000000000000e+01,1.376685339492310996e-04
1.577083333333333215e+01,1.148296580334120018e-04
1.579166666666666607e+01,4.715473759568220062e-05
1.581250000000000000e+01,2.657531206743524974e-05
1.583333333333333215e+01,5.107803969428013132e-05
1.585416666666666607e+01,3.960358037213988105e-07
1.587500000000000000e+01,1.377671652344664740e-04
1.589583333333333215e+01,1.146858828151493023e-04
1.591666666666666607e+01,-8.661784338622477777e-05
1.593750000000000000e+01,7.821081291464020960e-05
1.595833333333333215e+01,6.584560569357749142e-05
1.597916666666666607e+01,2.550722608682542714e-05
1.600000000000000000e+01,3.914722606285385121e-07
1.602083333333333215e+01,1.142693067767115776e-04
1.604166666666666430e+01,1.376612791160039323e-04
1.606250000000000000e+01,1.375535681380782793e-04
1.608333333333333215e+01,7.123510101258941117e-05
1.610416666666666430e+01,5.093093933933671698e-05
1.612500000000000000e+01,2.547403855766778083e-05
1.614583333333333215e+01,-1.864855656001659128e-07
1.616666666666666430e+01,1.142348587379094670e-04
1.618750000000000000e+01,1.146940590492713828e-04
1.620833333333333215e+01,1.148499687050193819e-04
1.622916666666666430e+01,2.890374058367727343e-05
1.625000000000000000e+01,6.126511168997862645e-05
1.627083333333333215e+01,9.315943617739801293e-05
1.629166666666666430e+01,-2.167277077196820122e-06
1.631250000000000000e+01,1.135655553301354205e-04
1.633333333333333215e+01,1.376515639188656515e-04
1.635416666666666430e+01,-8.963308974569621310e-05
1.637500000000000000e+01,-1.091449138713212796e-04
1.639583333333333215e+01,9.780925254317387129e-05
1.641666666666666430e+01,3.404318559656738360e-05
1.643750000000000000e+01,3.111655825267037334e-05
1.645833333333333215e+01,1.306861127723817941e-04
1.647916666666666430e+01,1.147105423844960582e-04
1.650000000000000000e+01,1.376677041796668427e-04
1.652083333333333215e+01,1.148322845018421028e-04
1.654166666666666430e+01,4.714731800628910201e-05
1.656250000000000000e+01,2.657376035630420953e-05
1.658333333333333215e+01,5.111938870335241302e-05
1.660416666666666430e+01,3.961221444868036235e-07
1.662500000000000000e+01,1.377663327580167202e-04
1.664583333333333215e+01,1.146885001615611990e-04
1.666666666666666430e+01,-8.660834095148000223e-05
1.668750000000000000e+01,7.819778745786140628e-05
1.670833333333333215e+01,6.584535447712696319e-05
1.672916666666666430e+01,2.550992072445194429e-05
1.675000000000000000e+01,3.917047805560083832e-07
1.677083333333333215e+01,1.142719038149079023e-04
1.679166666666666430e+01,1.376604462944226487e-04
1.681250000000000000e+01,1.375527348741672291e-04
1.683333333333333215e+01,7.122746651334104710e-05
1.685416666666666430e+01,5.093038061688488798e-05
1.687500000000000000e+01,2.547581153900373174e-05
1.689583333333333215e+01,-1.859496084605247740e-07
1.691666666666666430e+01,1.142374787825974010e-04
1.693750000000000000e+01,1.146966742818667520e-04
1.695833333333333215e+01,1.148525928784958406e-04
1.697916666666666430e+01,2.890368197557138330e-05
1.700000000000000000e+01,6.125948013820041557e-05
1.702083333333333215e+01,9.315489946300358642e-05
1.704166666666666430e+01,-2.166331638775000957e-06
1.706250000000000000e+01,1.135681435042440994e-04
1.708333333333333215e+01,1.376507278036316639e-04
1.710416666666666430e+01,-8.962251251966353994e-05
1.712500000000000000e+01,-1.091313515993509210e-04
1.714583333333333215e+01,9.779314093668344291e-05
1.716666666666666430e+01,3.404058755601269278e-05
1.718750000000000000e+01,3.119540314118803687e-05
1.720833333333333215e+01,1.306835106717541873e-04
1.722916666666666430e+01,1.147131557067283244e-04
1.725000000000000000e+01,1.376668678187838949e-04
1.727083333333333215e+01,1.148349054795394980e-04
1.729166666666666430e+01,4.713990201213099366e-05
1.731250000000000000e+01,2.657220995564152507e-05
1.733333333333333215e+01,5.116072313576237559e-05
1.735416666666666430e+01,3.962084734987130330e-07
1.737500000000000000e+01,1.377654936724741902e-04
1.739583333333333215e+01,1.146911120176969474e-04
1.741666666666666430e+01,-8.659883782200281490e-05
1.743750000000000000e+01,7.818476829409426053e-05
1.745833333333333215e+01,6.584510390214154678e-05
1.747916666666666430e+01,2.551261556486808302e-05
1.750000000000000000e+01,3.919372908783980123e-07
1.752083333333333215e+01,1.142744953923432468e-04
1.754166666666666430e+01,1.376596068670771981e-04
1.756250000000000000e+01,1.375518950322331948e-04
1.758333333333333215e+01,7.121983453969331552e-05
1.760416666666666430e+01,5.092982316783374185e-05
1.762500000000000000e+01,2.547758522077166394e-05
1.764583333333333215e+01,-1.854136765161179381e-07
1.766666666666666430e+01,1.142400933766108637e-04
1.768750000000000000e+01,1.146992840262233245e-04
1.770833333333333215e+01,1.148552115777464768e-04
1.772916666666666430e+01,2.890362772051299734e-05
1.775000000000000000e+01,6.125385209637573586e-05
1.777083333333333215e+01,9.315036581676724645e-05
1.779166666666666430e+01,-2.165386028831971200e-06
1.781250000000000000e+01,1.135707262459612624e-04
1.783333333333333215e+01,1.376498850791402369e-04
1.785416666666666430e+01,-8.961193400684494916e-05
1.787500000000000000e+01,-1.091177962429288695e-04
1.789583333333333215e+01,9.777703624466854422e-05
1.791666666666666430e+01,3.403799166087014580e-05
1.793750000000000000e+01,3.127422039595413085e-05
1.795833333333333215e+01,1.306809007668417201e-04
1.797916666666666430e+01,1.147157635415777850e-04
1.800000000000000000e+01,1.376660248568243011e-04
1.802083333333333215e+01,1.148375209745824152e-04
1.804166666666666430e+01,4.713249025059608905e-05
1.806250000000000000e+01,2.657066117155399370e-05
1.808333333333333215e+01,5.120204354637058596e-05
1.810416666666666430e+01,3.962947887268798029e-07
1.812500000000000000e+01,1.377646479776226400e-04
1.814583333333333215e+01,1.146937183849496255e-04
1.816666666666666430e+01,-8.658933426742727586e-05
1.818750000000000000e+01,7.817175548875766118e-05
1.820833333333333215e+01,6.584485389013229617e-05
1.822916666666666430e+01,2.551531079323849480e-05
1.825000000000000000e+01,3.921697441641845469e-07
1.827083333333333215e+01,1.142770814935831799e-04
1.829166666666666430e+01,1.376587608271404950e-04
1.831250000000000000e+01,1.375510485919342668e-04
1.833333333333333215e+01,7.121220533173747494e-05
1.835416666666666430e+01,5.092926673321761201e-05
1.837500000000000000e+01,2.547935949944244013e-05
1.839583333333333215e+01,-1.848777117677970981e-07
1.841666666666666430e+01,1.142427025053177744e-04
1.843750000000000000e+01,1.147018882920280942e-04
1.845833333333333215e+01,1.148578247749923502e-04
1.847916666666666430e+01,2.890357738810026694e-05
1.850000000000000000e+01,6.124822715560199345e-05
1.852083333333333215e+01,9.314583475559970287e-05
1.854166666666666430e+01,-2.164440284423701122e-06
1.856250000000000000e+01,1.135733035312890839e-04
1.858333333333333215e+01,1.376490357568149313e-04
1.860416666666666430e+01,-8.960135535511601790e-05
1.862500000000000000e+01,-1.091042480341167551e-04
1.864583333333333215e+01,9.776093853994165879e-05
1.866666666666666430e+01,3.403539768349841157e-05
1.868750000000000000e+01,3.135301011008096106e-05
1.870833333333333215e+01,1.306782830593899850e-04
1.872916666666666430e+01,1.147183659000986671e-04
1.875000000000000000e+01,1.376651752841813524e-04
1.877083333333333215e+01,1.148401309784302416e-04
1.879166666666666430e+01,4.712508188544947793e-05
1.881250000000000000e+01,2.656911389197538889e-05
1.883333333333333215e+01,5.124334998919262657e-05
1.885416666666666430e+01,3.963810825829082887e-07
1.887500000000000000e+01,1.377637956847035927e-04
1.889583333333333215e+01,1.146963192775998970e-04
1.891666666666666430e+01,-8.657982928183388920e-05
1.893750000000000000e+01,7.815874921760599813e-05
1.895833333333333215e+01,6.584460449005378547e-05
1.897916666666666430e+01,2.551800653165339398e-05
1.900000000000000000e+01,3.924021667496379909e-07
1.902083333333333215e+01,1.142796621173592666e-04
1.904166666666666430e+01,1.376579082069681950e-04
1.906250000000000000e+01,1.375501955518228182e-04
1.908333333333333215e+01,7.120457846930739907e-05
1.910416666666666430e+01,5.092871138421716968e-05
1.912500000000000000e+01,2.548113431942139841e-05
1.914583333333333215e+01,-1.843417703313645664e-07
1.916666666666666430e+01,1.142453061812104866e-04
1.918750000000000000e+01,1.147044870660311348e-04
1.920833333333333215e+01,1.148604324885190862e-04
1.922916666666666430e+01,2.890353131147478747e-05
1.925000000000000000e+01,6.124260479883438023e-05
1.927083333333333215e+01,9.314130633530078929e-05
1.929166666666666430e+01,-2.163494405467086628e-06
1.931250000000000000e+01,1.135758753898380739e-04
1.933333333333333215e+01,1.376481798325769243e-04
1.935416666666666430e+01,-8.959077567653294782e-05
1.937500000000000000e+01,-1.090907069062313061e-04
1.939583333333333215e+01,9.774484773297541565e-05
1.941666666666666430e+01,3.403280593647925803e-05
1.943750000000000000e+01,3.143177293801392458e-05
1.945833333333333215e+01,1.306756575912216200e-04
1.947916666666666430e+01,1.147209627690551798e-04
1.950000000000000000e+01,1.376643191208536999e-04
1.952083333333333215e+01,1.148427354961930930e-04
1.954166666666666430e+01,4.711767729793629885e-05
1.956250000000000000e+01,2.656756798649317062e-05
1.958333333333333215e+01,5.128464139698721779e-05
1.960416666666666430e+01,3.964673594363312395e-07
1.962500000000000000e+01,1.377629367721916237e-04
1.964583333333333215e+01,1.146989146808197657e-04
1.966666666666666430e+01,-8.657032353004724136e-05
1.968750000000000000e+01,7.814574945606921725e-05
1.970833333333333215e+01,6.584435570434549667e-05
1.972916666666666430e+01,2.552070261621169518e-05
1.975000000000000000e+01,3.926345782655615838e-07
1.977083333333333215e+01,1.142822372873320236e-04
1.979166666666666430e+01,1.376570489691489806e-04
1.981250000000000000e+01,1.375493359086785248e-04
1.983333333333333215e+01,7.119695411627135584e-05
1.985416666666666430e+01,5.092815695854382274e-05
1.987500000000000000e+01,2.548290965727634130e-05
1.989583333333333215e+01,-1.838058015539913288e-07
1.991666666666666430e+01,1.142479043757699703e-04
1.993750000000000000e+01,1.147070803649820553e-04
1.995833333333333215e+01,1.148630347077636554e-04
1.997916666666666430e+01,2.890348932419215889e-05
